0.02 0.03 0.03 0.03 0.04 0.07 
0.01 0.01 0.02 0.02 0.02 0.05 
0.01 0.01 0.01 0.02 0.02 0.02 
0.05 0.05 0.05 0.08 0.14 0.2 
0.1 0.2 0.4 0.6 0.5 0.6 
0.02 0.03 0.03 0.04 0.05 0.07 
0.01 0.01 0.02 0.02 0.02 0.02 
0.05 0.04 0.02 0.04 0.05 0.05 
0.08 0.09 0.12 0.16 0.22 0.24 
0.02 0.02 0.03 0.04 0.05 0.05 
0.01 0.01 0.01 0.02 0.02 0.02 
0.02 0.02 0.02 0.02 0.02 0.02 
0.02 0.03 0.04 0.05 0.07 0.08 
0.01 0.01 0.01 0.02 0.02 0.02 
0.2 0.45 0.6 0.4 0.45 0.4 
0.04 0.05 0.06 0.08 0.04 0.06 
0.03 0.03 0.02 0.03 0.04 0.05 
0.3 0.2 0.15 0.05 0.05 0.05 
0.3 0.12 0.08 0.06 0.06 0.05 
0.08 0.11 0.05 0.03 0.02 0.03 
0.29 0.1 0.05 0.04 0.07 0.09 
0.31 0.33 0.14 0.1 0.1 0.12 
0.15 0.1 0.06 0.04 0.04 0.05 
0.15 0.102469507659596 0.07 0.0529150262212918 0.04 0.05 
0.08 0.11 0.05 0.03 0.02 0.03 
0.3 0.12 0.08 0.06 0.06 0.05 
0.15 0.01 0.06 0.04 0.04 0.05 
0.3 0.2 0.1 0.07 0.05 0.02 
0.1 0.06 0.04 0.03 0.02 0.02 
0.15 0.05 0.03 0.03 0.02 0.02 
0.5 0.3 0.1 0.05 0.05 0.05 
0.4 0.35 0.2 0.15 0.05 0.05 
0.25 0.05 0.04 0.03 0.03 0.02 
0.28 0.08 0.07 0.07 0.09 0.09 
0.14 0.1 0.1 0.08 0.1 0.08 
0.35 0.2 0.15 0.1 0.05 0.05 
0.4 0.2 0.15 0.1 0.1 0.05 
0.3 0.2 0.15 0.1 0.1 0.05 
0.4 0.25 0.15 0.1 0.1 0.05 
0.31 0.33 0.14 0.1 0.1 0.12 
0.05 0.25 0.6 0.15 0.05 0.1 
0.25 0.15 0.1 0.09 0.08 0.07 
0.25 0.15 0.1 0.09 0.08 0.07 
0.2 0.62 0.98 0.62 0.21 0.15 
0.15 0.2 0.1 0.1 0.1 0.1 
0.03 0.05 0.04 0.03 0.03 0.02 
0.06 0.1 0.08 0.09 0.07 0.04 
0.12 0.1 0.08 0.07 0.1 0.08 
0.3 0.2 0.2 0.1 0.05 0.05 
0.12 0.04 0.06 0.05 0.05 0.05 
0.18 0.34 0.42 0.59 0.83 0.68 
0.19 0.23 0.25 0.3 0.37 0.42 
0.2 0.25 0.2 0.2 0.15 0.2 
0.12 0.04 0.06 0.05 0.05 0.05 
0.09 0.22 0.54 0.76 0.88 0.93 
0.18 0.56 0.96 1 1 1 
0.12 0.28 0.55 0.71 0.74 0.83 
0.17 0.45 0.8 0.89 0.97 0.94 
0.3 0.69 0.94 1 1 1 
0.43 0.86 1 1 1 1 
0.11 0.32 0.56 0.77 0.89 0.91 
0.27 0.54 0.94 1 0.96 0.96 
0.28 0.79 1 1 1 1 
0.46 1 1 1 1 1 
0.2 0.55 1 1 1 1 
0.37 0.85 1 1 1 1 
0.53 0.92 1 1 1 1 
0.3 0.8 1 1 1 1 
0.43 0.97 1 1 1 1 
0.65 1 1 1 1 1 
0.15 0.6 0.9 0.9 0.9 0.85 
0.35 0.95 0.98 0.92 0.9 0.85 
0.11 0.6 0.96 0.94 0.92 0.82 
0.34 0.95 0.98 0.82 0.87 0.86 
0.1 0.4 0.8 0.9 0.9 0.9 
0.4 0.75 0.9 0.8 0.9 0.85 
0.2 0.374165738677394 0.7 0.793725393319377 0.9 0.8 
0.3 0.489897948556636 0.8 0.871779788708135 0.95 0.9 
0.4 0.565685424949238 0.8 0.848528137423857 0.9 0.8 
0.15 0.4 0.75 0.85 0.8 0.85 
0.4 0.8 0.95 0.95 0.8 0.85 
0.1 0.35 0.5 0.55 0.7 0.7 
0.3 0.55 0.8 0.85 0.75 0.8 
0.1 0.35 0.55 0.65 0.75 0.8 
0.2 0.5 0.7 0.8 0.75 0.8 
0.1 0.25 0.55 0.7 0.8 0.85 
0.25 0.5 0.85 0.95 0.9 0.9 
0.2 0.4 0.65 0.55 0.7 0.7 
0.05 0.15 0.4 0.35 0.2 0.2 
0.1 0.25 0.55 0.2 0.1 0.15 
0.05 0.1 0.2 0.55 0.6 0.55 
0.03 0.05 0.17 0.52 0.5 0.52 
0.15 0.4 0.65 0.35 0.35 0.3 
0.01 0.01 0.01 0.01 0.01 0.01 
0.15 0.45 0.7 0.85 0.95 0.85 
0.05 0.0707106781186548 0.1 0.1 0.1 0.1 
0.05 0.1 0.15 0.25 0.3 0.3 
0.1 0.264575131106459 0.7 0.748331477354788 0.8 0.8 
0.05 0.0866025403784439 0.15 0.212132034355964 0.3 0.3 
0.05 0.0707106781186548 0.1 0.122474487139159 0.15 0.15 
0.3 0.3 0.3 0.3 0.3 0.3 
0.3 0.212132034355964 0.15 0.122474487139159 0.1 0.1 
0.2 0.15 0.1 0.05 0.05 0.05 
0.2 0.15 0.1 0.08 0.04 0.02 
0.03 0.15 0.5 0.8 0.85 0.8 
0.02 0.08 0.3 0.6 0.8 0.9 
0.3 0.3 0.6 0.8 0.75 0.75 
0.35 0.35 0.4 0.55 0.7 0.7 
0.1 0.2 0.4 0.489897948556636 0.6 0.6 
0.1 0.2 0.45 0.8 0.6 0.75 
0.2 0.4 0.8 0.8 0.8 0.8 
0.15 0.3 0.6 0.6 0.6 0.7 
0.3 0.2 0.15 0.05 0.05 0.05 
0.05 0.15 0.35 0.4 0.5 0.5 
0.3 0.45 0.65 0.56 0.59 0.71 
0.05 0.06 0.39 0.63 0.7 0.73 
0.03 0.03 0.15 0.4 0.5 0.5 
0.05 0.25 0.4 0.5 0.6 0.5 
0.05 0.111803398874989 0.25 0.273861278752583 0.3 0.4 
0.05 0.15 0.35 0.4 0.5 0.5 
0.1 0.2 0.4 0.447213595499958 0.5 0.6 
0.11 0.4 0.7 0.74 0.88 0.89 
0.01 0.01 0.01 0.01 0.02 0.02 
0.08 0.07 0.06 0.07 0.08 0.08 
0.27 0.26 0.52 0.43 0.51 0.58 
0.15 0.11 0.1 0.07 0.06 0.07 
0.04 0.04 0.07 0.06 0.06 0.07 
0.2 0.15 0.1 0.1 0.05 0.1 
0.02 0.02 0.03 0.04 0.04 0.05 
0.02 0.02 0.04 0.05 0.05 0.1 
0.01 0.02 0.05 0.15 0.3 0.4 
0.03 0.09 0.25 0.31 0.33 0.44 
0.03 0.09 0.2 0.54 0.7 0.72 
0.08 0.08 0.3 0.6 0.75 0.8 
0.05 0.05 0.05 0.05 0.05 0.05 
0.05 0.05 0.1 0.2 0.45 0.65 
0.5 0.1 0.3 0.5 0.65 0.7 
0.15 0.25 0.5 0.6 0.7 0.7 
0.05 0.05 0.1 0.1 0.05 0.05 
0.1 0.15 0.25 0.3 0.3 0.3 
0.2 0.25 0.3 0.3 0.3 0.3 
0.03 0.05 0.05 0.25 0.35 0.5 
0.02 0.02 0.02 0.0316227766016838 0.05 0.05 
0.05 0.05 0.15 0.25 0.25 0.25 
0.05 0.05 0.05 0.1 0.05 0.05 
0.02 0.04 0.05 0.05 0.1 0.05 
0.03 0.03 0.03 0.0387298334620742 0.05 0.05 
0.13 0.09 0.08 0.09 0.11 0.11 
0.3 0.25 0.15 0.1 0.1 0.07 
0.14 0.1 0.06 0.08 0.1 0.1 
0.35 0.39 0.44 0.49 0.54 0.57 
0.42 0.72 0.83 0.88 0.89 0.8 
0.06 0.4 0.75 0.95 0.96 0.83 
0.45 0.7 0.8 0.8 0.65 0.45 
0.12 0.45 0.87 0.98 1 1 
0.3 0.7 0.85 0.9 0.7 0.65 
0.45 0.7 0.88 0.52 0.42 0.35 
0.5 0.75 0.85 0.65 0.7 0.7 
0.3 0.4 0.5 0.85 0.5 0.65 
0.25 0.8 0.85 0.65 0.7 0.75 
0.15 0.4 0.95 0.6 0.7 0.6 
0.3 0.2 0.15 0.05 0.05 0.05 
0.25 0.7 0.85 0.55 0.4 0.3 
0.4 0.35 0.2 0.15 0.05 0.05 
0.4 0.2 0.15 0.1 0.1 0.05 
0.2 0.35 0.55 0.3 0.25 0.3 
0.4 0.9 0.8 0.5 0.4 0.3 
0.27 0.87 1 1 0.98 0.96 
0.5 0.35 0.15 0.05 0.05 0.05 
0.1 0.3 0.6 0.75 0.8 0.8 
0.2 0.35 0.65 0.85 0.9 0.8 
0.1 0.36 0.74 0.91 0.61 0.5 
0.2 0.22 0.18 0.15 0.15 0.16 
0.12 0.22 0.37 0.4 0.42 0.37 
0.28 0.303973683071413 0.33 0.349428104193123 0.37 0.37 
0.3 0.41 0.49 0.84 0.87 0.84 
0.33 0.4 0.44 0.45 0.45 0.45 
0.15 0.38 0.42 0.43 0.45 0.45 
0.07 0.0989949493661167 0.14 0.14 0.14 0.14 
0.4 0.5 0.58 0.61 0.58 0.5 
0.44 0.6 0.77 0.89 0.82 0.7 
0.49 0.66 0.8 0.88 0.82 0.7 
0.3 0.346410161513775 0.4 0.414728827066554 0.43 0.4 
0.16 0.25298221281347 0.4 0.419523539268061 0.44 0.4 
0.16 0.24 0.56 0.69 0.81 0.78 
0.24 0.4 0.78 0.98 0.96 0.87 
0.08 0.109544511501033 0.15 0.16431676725155 0.18 0.2 
0.07 0.12 0.26 0.42 0.5 0.55 
0.32 0.62 0.74 0.76 0.81 0.9 
0.12 0.183303027798234 0.28 0.299332590941915 0.32 0.37 
0.33 0.51 0.64 0.71 0.77 0.81 
0.6 0.74 0.88 0.96 0.93 0.85 
0.13 0.33 0.59 0.58 0.61 0.62 
0.37 0.48 0.68 0.73 0.77 0.74 
0.27 0.53 0.67 0.93 0.87 0.8 
0.37 0.8 1 1 1 1 
0.2 0.244948974278318 0.3 0.346410161513775 0.4 0.5 
0.4 0.3 0.2 0.17 0.15 0.1 
0.5 0.4 0.45 0.45 0.6 0.7 
0.01 0.01 0.01 0.01 0.02 0.02 
0.6 0.6 0.6 0.6 0.6 0.6;